IP_TIB
0,496;1,051;1,637;2,363;4,923;5,483;7,547;8,528;9,627;14,155;15,451;18,229;
0,475;1,125;1,616;3,253;5,957;5,387;7,328;8,320;9,461;13,824;15,216;18,021;
0,619;1,253;1,899;2,912;4,491;5,968;7,515;8,528;9,712;14,107;15,397;18,160;
0,592;1,147;1,872;2,635;5,349;5,989;7,477;8,475;9,776;14,133;15,451;18,080;
0,613;1,168;1,893;2,651;6,288;7,707;7,525;8,512;9,856;14,128;15,381;17,787;
0,624;1,157;1,931;2,608;4,507;7,600;7,440;8,485;9,664;13,920;15,189;17,680;
0,576;1,093;1,877;2,629;4,235;5,077;6,603;8,464;9,611;13,771;14,907;17,397;
0,613;1,115;1,872;2,549;4,331;5,189;6,459;7,824;9,344;13,664;14,421;17,504;
0,603;1,141;1,787;2,331;4,965;6,176;7,680;8,885;10,784;15,472;17,600;21,755;
0,379;0,880;1,669;2,299;5,019;5,717;7,237;8,507;10,139;15,509;18,080;22,528;
0,368;0,891;1,856;2,624;5,317;6,379;8,043;9,035;10,315;15,093;17,995;22,443;
0,427;0,981;1,707;2,464;5,291;6,549;8,421;10,171;11,547;14,496;18,027;22,965;
0,453;1,179;1,739;2,475;5,125;6,437;7,755;10,107;10,960;15,227;17,835;22,976;
0,427;1,024;1,792;2,581;5,541;6,501;8,197;10,133;10,880;15,339;17,440;22,405;
0,619;1,051;1,771;2,544;5,605;7,157;8,933;10,235;11,632;16,363;17,989;20,933;
0,560;1,099;1,840;2,565;5,712;7,120;8,848;10,491;11,749;16,395;17,797;20,757;

IP_TI_tco_2_PL_IVVT_x
0,496;1,029;1,632;2,363;4,912;5,499;7,515;8,528;9,627;14,155;15,451;18,229;
0,469;1,093;1,621;3,275;6,037;5,525;7,419;8,597;9,424;13,776;15,184;18,000;
0,619;1,232;1,893;2,955;4,523;5,957;7,557;8,667;9,712;14,107;15,397;18,160;
0,624;1,211;1,909;2,736;5,547;6,203;7,707;8,667;9,563;14,133;15,451;18,080;
0,645;1,227;1,931;2,715;6,352;7,675;7,611;8,560;9,573;14,128;15,381;17,787;
0,656;1,227;1,925;2,576;4,480;7,605;7,392;8,405;9,499;13,963;15,189;17,680;
0,661;1,216;1,883;2,571;4,165;5,040;6,581;8,395;9,445;13,829;14,907;17,397;
0,645;1,147;1,851;2,491;4,213;5,147;6,507;7,733;9,205;13,568;14,421;17,504;
0,603;1,104;1,739;2,256;4,757;6,059;7,659;8,837;10,437;15,163;17,707;21,755;
0,379;0,901;1,643;2,224;4,800;5,696;7,216;8,437;9,771;15,227;18,149;22,448;
0,368;0,880;1,797;2,528;5,051;6,299;7,931;8,907;10,011;14,827;18,064;22,443;
0,427;0,987;1,675;2,352;4,965;6,501;8,315;10,005;11,067;13,989;17,664;22,965;
0,453;1,157;1,717;2,347;4,917;6,309;7,611;9,968;10,608;14,832;18,091;22,976;
0,427;0,987;1,723;2,453;5,291;6,368;8,016;9,995;10,528;14,768;17,168;22,405;
0,619;1,003;1,717;2,453;5,291;7,019;8,763;9,979;11,253;15,749;17,525;20,933;
0,560;1,008;1,701;2,453;5,317;7,035;8,821;10,059;11,317;15,819;18,165;21,392;

IP_TI_tco_1_PL_IVVT_x
0,496;1,045;1,691;2,400;4,987;5,584;7,611;8,763;9,941;14,432;15,872;18,901;
0,469;1,109;1,659;3,339;6,080;5,573;7,456;8,597;9,899;14,411;15,819;18,896;
0,619;1,248;1,947;3,013;4,624;6,016;7,611;8,736;9,739;14,171;15,707;18,704;
0,592;1,221;1,888;2,731;5,579;6,203;7,749;8,667;9,627;14,133;15,515;18,565;
0,613;1,237;1,995;2,789;6,453;7,781;7,680;8,629;9,589;14,069;15,499;18,459;
0,624;1,243;1,995;2,619;4,512;7,659;7,440;8,437;9,595;13,984;15,488;18,528;
0,576;1,200;1,899;2,597;4,197;5,051;6,587;8,443;9,419;13,888;15,387;18,427;
0,613;1,168;1,867;2,501;4,245;5,115;6,517;7,733;9,232;13,595;14,656;18,352;
0,603;1,131;1,755;2,267;4,741;6,059;7,680;8,784;10,395;15,200;17,819;22,891;
0,379;0,907;1,659;2,240;4,779;5,653;7,237;8,448;9,771;15,131;18,299;23,787;
0,368;0,891;1,808;2,539;5,040;6,352;7,973;8,987;10,107;14,923;18,283;23,781;
0,427;0,987;1,675;2,352;4,965;6,501;8,315;10,005;11,067;13,989;17,803;23,669;
0,453;1,157;1,707;2,347;4,917;6,309;7,611;9,968;10,608;14,832;17,984;23,675;
0,427;0,987;1,723;2,453;5,291;6,368;8,016;9,995;10,528;14,768;17,168;22,704;
0,619;1,003;1,717;2,453;5,291;6,987;8,763;9,979;11,253;15,749;17,557;21,285;
0,560;1,008;1,701;2,453;5,317;7,040;8,821;10,059;11,317;15,819;17,947;21,888;

ip_ti_tco_2_is_ivvt_n_maf
0,384;1,237;2,165;3,045;4,517;8,160;
0,608;1,237;2,192;3,088;4,565;7,899;
0,576;1,248;2,203;3,152;4,645;7,749;
0,555;1,248;2,160;3,061;4,448;7,792;
0,581;1,301;2,187;3,056;4,448;7,979;
0,576;1,317;2,187;3,067;4,491;8,037;

ip_ti_tco_1_is_ivvt_n_maf
0,384;1,237;2,165;3,045;4,517;8,160;
0,608;1,237;2,192;3,088;4,565;7,899;
0,576;1,280;2,203;3,152;4,645;7,749;
0,555;1,280;2,160;3,061;4,448;7,792;
0,581;1,301;2,187;3,056;4,448;7,979;
0,576;1,317;2,187;3,067;4,491;8,037;